High Resolution Florida Current Foraminferal Data
-----------------------------------------------------------------------
               World Data Center for Paleoclimatology, Boulder
                                  and
                     NOAA Paleoclimatology Program
-----------------------------------------------------------------------
NOTE: PLEASE CITE CONTRIBUTORS WHEN USING THIS DATA!!!!!


NAME OF DATA SET: High Resolution Florida Current Foraminferal Data 
LAST UPDATE: 6/2012 (addition of SST reconstructions) 
Original receipt by WDC Paleo 10/2007 
CONTRIBUTOR: David Lund, California Institute of Technology 
IGBP PAGES/WDCA CONTRIBUTION SERIES NUMBER: 2007-101

SUGGESTED DATA CITATION: Lund, D.C. and W. Curry.  2007.
High Resolution Florida Current Foraminferal Data. 
IGBP PAGES/World Data Center for Paleoclimatology 
Data Contribution Series # 2007-101.
NOAA/NCDC Paleoclimatology Program, Boulder CO, USA.


ORIGINAL REFERENCE: Lund, D.C. and W. Curry. 2006. 
Florida Current surface temperature and salinity variability 
during the last millennium. 
Paleoceanography, Vol. 21, PA2009, May 2007.  doi:10.1029/2005PA001218.

ABSTRACT:
The salinity and temperature of the Florida Current are key parameters 
affecting the transport of heat into the North Atlantic, yet little is 
known about their variability on centennial timescales. Here we report 
replicated, high-resolution foraminiferal records of Florida Current 
surface hydrography for the last millennium from two coring sites, 
Dry Tortugas and the Great Bahama Bank. The oxygen isotopic composition 
of Florida Current surface water (d18Ow) near Dry Tortugas increased 
0.4% during the course of the Little Ice Age (LIA) (~1200-1850 A.D.), 
equivalent to a salinity increase of 0.8–1.5. On the Great Bahama Bank, 
where surface waters are influenced by the North Atlantic subtropical 
gyre, d18Ow increased by 0.3% during the last 200 years. Although a 
portion (~0.1%) of this shift may be an artifact of anthropogenically 
driven changes in surface water ECO2, the remaining d18Ow signal 
implies a 0.4–1 increase in salinity after 200 years B.P. The simplest 
explanation of the d18Ow data is southward migration of the Atlantic 
Hadley circulation during the LIA. Scaling of the d18Ow records to 
salinity using the modern low-latitude d18Ow-S slope produces an 
unrealistic reversal in the salinity gradient between the two sites. 
Only if d18Ow is scaled to salinity using a high-latitude d18Ow-S slope 
can the records be reconciled. Variable atmospheric 14C paralleled 
Dry Tortugas d18Ow, suggesting that solar irradiance paced centennial-
scale migration of the Inter-Tropical Convergence Zone and changes in 
Florida Current salinity during the last millennium.


ADDITIONAL REFERENCE:
Lund, D.C. and W.B. Curry. 2004.
Late Holocene variability in Florida Current surface density:
Patterns and possible causes.
Paleoceanography, 19, PA4001, doi: 10.1029/2004PA001008.



GEOGRAPHIC REGION: Florida Straight, Western North Atlantic
PERIOD OF RECORD: 1000 Cal. Year BP - present
FUNDING SOURCE: National Science Foundation (USA) grant OCE-0096469


DESCRIPTION: 
Florida Current foraminiferal oxygen isotope and Mg/Ca records for the 
last millennium from two cores in the Dry Tortugas and two cores on the 
Great Bahama Bank. 

The d18Ocalcite values are in per mil units, the Mg/Ca values mmol/mol.  

This file updated 6/2012 with the addition of SST reconstructions, 
data series 2. and 3. below (Original receipt by WDC Paleo 10/2007). 


Core locations:
Dry Tortugas sites
62MC   24°19.60N, 83°15.40W, 547 m depth
79GGC  24°21.50N, 83°20.90W, 530 m depth

The Great Bahama Bank sites 
118MC  24°35.40N, 79°16.10W, 531 m depth 
125MC  24°45.50N, 79°17.50W, 694 m depth





DATA:
1. Age Models for Florida Current cores

Depth   raw 14C age     Error   CalAge(Calib4.3)     Species
62MC
0.5               0       0            0        G. ruber >250um
10.75           920      25        520.5        G. ruber >250um
29.25          1420      35          955        G. ruber >250um

118MC
0.5               0       0            0        G. ruber >250um
13              635      25        281.5        G. ruber >250um
36.5           1320      45          885        G. ruber >250um

125MC
0.5               0       0            0        G. ruber >250um
10.5           1250      30          780        G. ruber >250um
27.5           1830      35         1360        G. ruber >250um


For the W167-79GGC age model, see Lund and Curry 2004.






2. Lund et al. 2006 Mg/Ca SST
This sheet added to file 6/2012 
SST calculated after Anand et al. (2003):  Mg/Ca = 0.38*exp(0.09*SST).

Depth    CalAge    AvgMg/Ca   StdDev   StdErr   #Sample     SST 
MC125
0.5              0     4.95     0.06     0.04        2    28.51
1.5             78     4.83     0.12     0.08        2    28.26
2.5            156     4.79     0.24     0.17        2    28.16
3.5            234     4.85      0.2     0.14        2     28.3
4.5            312     4.71     0.07     0.05        2    27.97
5.5            390     4.39     0.08     0.06        2    27.18
6.5            468     4.94     0.25     0.17        2     28.5
7.5            546      4.5     0.17     0.12        2    27.45
8.5            624     4.73     0.03     0.02        2    28.01
9.5            702     4.56     0.14      0.1        2    27.61
10.5           780     4.45        0        0        2    27.34
11.5        814.12     4.76     0.11     0.08        2    28.09
12.5        848.24     4.68     0.03     0.02        2    27.91
13.5        882.35     4.79      0.1     0.07        2    28.16
14.5        916.47      4.8     0.35     0.25        2    28.18
15.5        950.59      4.8     0.12     0.09        2    28.17
16.5        984.71     4.79     0.03     0.02        2    28.16
17.5       1018.82     4.76     0.03     0.02        2    28.09
18.5       1052.94     4.76     0.16     0.11        2     28.1
19.5       1087.06      4.8     0.21     0.15        2    28.18
20.5       1121.18     4.73     0.06     0.05        2    28.02
21.5       1155.29      4.9     0.14      0.1        2    28.41
22.5       1189.41      4.9     0.11     0.08        2    28.41
23.5       1223.53     5.04     0.02     0.02        2    28.73
24.5       1257.65      4.7     0.02     0.02        2    27.96
25.5       1291.76      4.7     0.08     0.06        2    27.95
26.5       1325.88     4.74     0.15      0.1        2    28.03
27.5          1360     4.95     0.19     0.14        2    28.53

MC118
0.5              0     5.01     0.16     0.12        2    28.66
1.5          22.52     4.84     0.21     0.15        2    28.28
2.5          45.04     4.88     0.22     0.15        2    28.36
3.5          67.56     4.89     0.08     0.06        2    28.38
4.5          90.08     4.95     0.09     0.06        2    28.51
5.5          112.6     4.86     0.22     0.16        2    28.32
6.5         135.12     4.93      0.1     0.07        2    28.48
7.5         157.64     4.63     0.13     0.09        2    27.78
8.5         180.16     4.67        0        0        2    27.87
9.5         202.68     4.77     0.27     0.19        2    28.12
10.5         225.2     4.83     0.16     0.11        2    28.24
11.5        247.72     4.69     0.19     0.14        2    27.93
12.5        270.24     4.92     0.11     0.08        2    28.45
13.5        294.34      4.7        0        0        2    27.95
14.5        320.02     4.85     0.06     0.04        2     28.3
15.5         345.7     4.88     0.21     0.15        2    28.36
16.5        371.38     4.52     0.08     0.06        2    27.51
17.5        397.06     4.67     0.05     0.04        2    27.86
18.5        422.74     4.55        0        0        2    27.58
19.5        448.43     4.63     0.05     0.04        2    27.77
20.5        474.11     4.65      0.1     0.07        2    27.84
21.5        499.79     4.55     0.04     0.03        2    27.58
22.5        525.47     4.79     0.11     0.08        2    28.16
23.5        551.15     4.56        0        0        2    27.61
24.5        576.83     4.59     0.02     0.02        2    27.68
25.5        602.51     4.73      0.3     0.21        2    28.01
26.5        628.19     4.59     0.08     0.05        2    27.68
27.5        653.87      4.6     0.04     0.03        2    27.71
28.5        679.55     4.65     0.07     0.05        2    27.82
29.5        705.23     4.58     0.04     0.03        2    27.66
30.5        730.91     4.65     0.25     0.18        2    27.82
31.5         756.6     4.62     0.18     0.12        2    27.75
32.5        782.28     4.74     0.12     0.09        2    28.05
33.5        807.96     4.55     0.08     0.06        2    27.57
34.5        833.64     4.65     0.32     0.23        2    27.84
35.5        859.32     4.76     0.14      0.1        2    28.08
36.5           885     4.56     0.04     0.03        2    27.61

MC62
0.75          24.8     4.53      0.1     0.07        2    27.54
1.75          74.4     4.19        0        0        2    26.67
2.75           124      3.9     0.06     0.04        2    25.87
3.75           174     4.63     0.11     0.08        2    27.78
4.75           223     4.47     0.05     0.03        2    27.39
5.75           273     4.31     0.26     0.19        2    26.98
6.75           322     4.22      0.1     0.07        2    26.75
7.75           372     4.45     0.11     0.08        2    27.34
8.75           421     4.25     0.06     0.05        2    26.83
9.75           471     4.33     0.05     0.03        2    27.04
10.75          521     4.21     0.37     0.26        2    26.72
11.75          543      4.2     0.28      0.2        2     26.7
12.75          566     4.53     0.19     0.13        2    27.54
13.75          589     3.96     0.11     0.08        2    26.04
14.75          612     4.17     0.11     0.08        2    26.62
15.75          635      4.1     0.15     0.11        2    26.43
16.75          658     4.11     0.02     0.02        2    26.46
17.75          681      4.1     0.06     0.04        2    26.43
18.75          703     4.31     0.16     0.11        2    26.98
19.75          726     3.99     0.03     0.02        2    26.13
20.75          749     4.01     0.12     0.08        2    26.18
21.75          772     4.27     0.03     0.02        2    26.88
22.75          795     4.34      0.1     0.07        2    27.06
23.75          818     3.92     0.19     0.13        2    25.93
24.25          829     4.36     0.23     0.17        2    27.11
24.75          841     4.07     0.12     0.09        2    26.35
25.25          852     4.25        0        0        1    26.83
25.75          864     4.22     0.24     0.17        2    26.75
26.25          875     4.04        0        0        1    26.26
26.75          886     4.12      0.2     0.15        2    26.48
27.25          898     4.09        0        0        1     26.4
27.75          909     4.05        0        0        1    26.29
28.25          921     4.28        0        0        1    26.91
28.75          932     4.13     0.46     0.33        2    26.51
29.25          944     4.14        0        0        1    26.54
29.75          955     4.07     0.16     0.12        2    26.35

GGC79
0.5              1      5.2        0        0        1    29.06
2           105.81     4.95        0        0        1    28.52
3.25        193.16     4.91        0        0        1    28.42
3.75        228.09     4.75        0        0        1    28.06
4.25        263.03     4.95        0        0        1    28.53
4.75        297.97     4.24        0        0        1     26.8
5.25        332.91     4.44        0        0        1    27.31
5.75        367.84     5.03        0        0        1     28.7
6.25        402.78     4.53        0        0        1    27.52
6.75        437.72     4.22        0        0        1    26.76
7.25        472.66     4.37        0        0        1    27.13
7.75        507.59     5.29        0        0        1    29.25
8.25        542.53     4.35        0        0        1    27.09
8.75        564.92     4.92        0        0        1    28.45
9.25        574.75     4.61        0        0        1    27.74
9.75        584.58     4.48        0        0        1    27.42
10.75       604.25      4.5        0        0        1    27.47
11.25       614.08     4.59        0        0        1    27.69
11.75       623.92     4.85        0        0        1    28.29
12.25       633.75     4.08        0        0        1    26.38
12.75       643.58     4.46        0        0        1    27.35
13.25       653.42     4.75        0        0        1    28.06
13.75       663.25     4.85        0        0        1    28.29
14.25       673.08     4.65        0        0        1    27.82
14.75       682.92     4.85        0        0        1     28.3
15.25       692.75     4.31        0        0        1    26.99
15.75       702.58     4.41        0        0        1    27.25
16.25       712.42     4.55        0        0        1    27.59
17.25       732.08     4.36        0        0        1    27.11
17.75       741.92      4.4        0        0        1    27.21
18.25       751.75     4.34        0        0        1    27.06
18.75       761.58     4.44        0        0        1    27.32
19.25       771.42     4.37        0        0        1    27.15
19.75       781.25     4.83        0        0        1    28.25
20.25       791.08     4.26        0        0        1    26.86
20.75       807.21     4.54        0        0        1    27.56
21.25       829.63     4.63        0        0        1    27.77
21.75       852.05     4.89        0        0        1     28.4
22.25       874.47     4.05        0        0        1    26.29
22.75       896.88     4.79        0        0        1    28.16
23.25        919.3     4.15        0        0        1    26.57
23.75       941.72     4.08        0        0        1    26.38
24.25       964.14     4.32        0        0        1    27.01
24.75       986.56     4.64        0        0        1     27.8
25.25      1008.98     4.11        0        0        1    26.45
25.75       1031.4     4.18        0        0        1    26.64
26.25      1053.81     4.36        0        0        1    27.11
26.75      1076.23     4.06        0        0        1    26.33
27.25      1098.65     5.07        0        0        1    28.79
27.75      1121.07     4.12        0        0        1    26.49
28.25      1143.49     4.18        0        0        1    26.64
28.75      1165.91     4.34        0        0        1    27.05
29.25      1188.33     4.06        0        0        1    26.32
29.75      1210.74      4.8        0        0        1    28.18
30.25      1233.16     4.25        0        0        1    26.83
30.75      1255.58     4.27        0        0        1    26.87
31.25         1278      4.4        0        0        1    27.22
31.75      1284.58     4.27        0        0        1    26.89
32.25      1291.16     4.35        0        0        1    27.09






3. Lund et al. 2006 Mg/Ca SST smoothed
This sheet added to file 6/2012

Age     Mg/CaMean  95%low  95%up  MeanSST 95%lowSST 95%upperSST
MC125
100         4.86    4.71    5.01   28.31   27.96   28.65
140         4.83    4.66    4.99   28.24   27.86   28.61
180         4.82    4.52    5.12   28.23   27.52    28.9
220         4.78    4.62    4.95   28.14   27.75   28.53
260         4.78    4.54    5.02   28.14   27.57   28.68
300         4.65     4.4     4.9   27.83   27.22   28.41
340         4.55    4.24    4.86   27.58   26.79   28.32
380         4.68    4.39    4.97    27.9   27.19   28.57
420         4.67     4.1    5.23   27.86   26.44   29.13
460         4.61     4.3    4.92   27.73   26.95   28.46
500         4.72    4.22    5.21   27.99   26.76    29.1
540         4.72    4.47    4.97      28   27.38   28.58
580         4.61    4.34    4.88   27.73   27.07   28.36
620         4.59    4.44    4.75   27.69   27.31   28.06
660         4.64    4.44    4.85   27.81   27.32   28.28
700         4.58    4.43    4.73   27.66    27.3   28.01
740         4.59    4.42    4.76   27.69   27.27    28.1
780         4.61    4.49    4.74   27.74   27.45   28.03
820          4.7    4.56    4.83   27.94   27.62   28.25
860         4.71     4.6    4.83   27.98   27.71   28.24
900         4.77    4.69    4.85   28.11   27.92    28.3
940         4.77    4.69    4.85   28.11   27.93   28.29
980         4.78     4.7    4.86   28.14   27.95   28.33
1020        4.78    4.71    4.85   28.14   27.97    28.3
1060        4.79    4.72    4.86   28.16      28   28.32
1100        4.81    4.73    4.89    28.2   28.02   28.38
1140        4.86    4.76    4.95   28.31   28.09   28.52
1180        4.85    4.75    4.94   28.29   28.07    28.5
1220        4.83    4.74    4.92   28.25   28.03   28.46


MC118
50          4.91    4.82    5.01   28.44   28.22   28.66
70          4.88    4.79    4.98   28.37   28.15   28.59
90          4.90    4.81    4.99   28.41   28.21   28.61
110         4.85    4.74    4.96   28.30   28.04   28.55
130         4.84    4.70    4.99   28.28   27.94   28.60
150         4.77    4.63    4.91   28.11   27.78   28.44
170         4.75    4.61    4.89   28.06   27.72   28.39
190         4.72    4.60    4.85   28.00   27.70   28.30
210         4.74    4.61    4.87   28.04   27.73   28.34
230         4.78    4.66    4.89   28.12   27.85   28.39
250         4.78    4.67    4.89   28.14   27.88   28.39
270         4.78    4.66    4.91   28.14   27.86   28.42
290         4.79    4.68    4.90   28.16   27.89   28.42
310         4.84    4.73    4.94   28.27   28.02   28.51
330         4.74    4.59    4.88   28.03   27.69   28.37
350         4.73    4.58    4.88   28.01   27.66   28.36
370         4.73    4.58    4.88   28.01   27.66   28.36
390         4.65    4.51    4.80   27.83   27.48   28.17
410         4.59    4.53    4.65   27.68   27.53   27.83
430         4.62    4.57    4.68   27.76   27.63   27.90
450         4.59    4.54    4.65   27.69   27.56   27.83
470         4.59    4.54    4.65   27.69   27.56   27.83
490         4.66    4.56    4.75   27.84   27.61   28.06
510         4.64    4.54    4.74   27.80   27.56   28.03
530         4.62    4.53    4.72   27.76   27.53   27.99
550         4.65    4.52    4.78   27.82   27.51   28.13
570         4.67    4.53    4.80   27.87   27.55   28.18
590         4.62    4.50    4.73   27.75   27.47   28.02
610         4.63    4.52    4.74   27.77   27.50   28.04
630         4.64    4.53    4.75   27.81   27.53   28.07
650         4.64    4.53    4.75   27.81   27.53   28.07
670         4.61    4.56    4.65   27.72   27.61   27.82
690         4.62    4.53    4.71   27.75   27.54   27.96
710         4.62    4.52    4.73   27.76   27.51   28.01
730         4.61    4.47    4.76   27.74   27.38   28.09
750         4.65    4.53    4.76   27.82   27.54   28.10
770         4.64    4.51    4.76   27.80   27.50   28.09
790         4.64    4.50    4.78   27.80   27.46   28.13
810         4.67    4.53    4.82   27.89   27.54   28.22
830         4.67    4.53    4.82   27.89   27.54   28.22



MC62
74.79       4.21    3.91    4.51   26.72    25.9   27.48
94.79       4.05    3.78    4.31   26.28   25.53   26.99
114.79      4.05    3.78    4.31   26.28   25.53   26.99
134.79      4.27    3.59    4.95   26.88   24.96   28.51
154.79      4.27    3.59    4.95   26.88   24.96   28.51
174.79      4.55    4.37    4.73   27.59   27.13   28.03
194.79      4.55    4.37    4.73   27.59   27.13   28.03
214.79      4.55    4.37    4.73   27.59   27.13   28.03
234.79      4.39     4.1    4.67   27.18   26.43   27.89
254.79      4.39     4.1    4.67   27.18   26.43   27.89
274.79      4.26    3.99    4.53   26.86   26.14   27.54
294.79      4.26    3.99    4.53   26.86   26.14   27.54
314.79      4.26    3.99    4.53   26.86   26.14   27.54
334.79      4.33    4.08    4.58   27.04   26.39   27.66
354.79      4.33    4.08    4.58   27.04   26.39   27.66
374.79      4.35    4.14    4.56   27.08   26.52   27.62
394.79      4.35    4.14    4.56   27.08   26.52   27.62
414.79      4.35    4.14    4.56   27.08   26.52   27.62
434.79      4.29    4.19    4.39   26.93   26.66   27.19
454.79      4.29    4.19    4.39   26.93   26.66   27.19
474.79      4.27    3.91    4.62   26.87    25.9   27.77
494.79      4.25    4.02    4.47   26.82    26.2    27.4
514.79      4.25    4.02    4.47   26.82    26.2    27.4
534.79      4.31    4.02    4.61   26.99   26.21   27.72
554.79      4.22    3.98    4.47   26.76    26.1   27.38
574.79      4.21       4    4.43   26.73   26.15   27.29
594.79      4.19    3.98     4.4   26.67    26.1   27.21
614.79      4.17    4.01    4.33   26.63   26.19   27.04
634.79      4.09    4.01    4.16   26.39   26.19    26.6
654.79      4.16    4.07    4.24   26.58   26.35   26.81
674.79      4.15    4.05    4.26   26.57   26.28   26.85
694.79      4.13    4.01    4.24    26.5   26.19   26.81
714.79       4.1    3.97    4.23   26.44   26.08   26.78
734.79      4.15       4    4.29   26.55   26.16   26.93
754.79      4.15    4.01     4.3   26.57   26.18   26.95
774.79      4.11    3.97    4.25   26.45   26.07   26.81
794.79      4.16    4.03    4.29    26.6   26.24   26.94
814.79       4.2    4.08    4.32    26.7   26.38   27.01
834.79      4.18    4.04    4.31   26.63   26.27   26.97
854.79      4.13    4.02    4.25   26.52    26.2   26.83
874.79      4.17    4.07    4.27   26.62   26.35   26.88
894.79      4.15    4.03    4.27   26.56   26.24   26.87



GGC79
51          5.20    NaN     NaN    29.06    NaN     NaN
71          4.95    NaN     NaN    28.52    NaN     NaN
91          4.95    NaN     NaN    28.52    NaN     NaN
111         4.95    NaN     NaN    28.52    NaN     NaN
131         4.95    NaN     NaN    28.52    NaN     NaN
151         4.93    4.66    5.19   28.47   27.85   29.05
171         4.91    NaN     NaN    28.42    NaN     NaN
191         4.83    3.83    5.82   28.24   25.67   30.33
211         4.83    3.83    5.82   28.24   25.67   30.33
231         4.87    4.60    5.13   28.34   27.71   28.93
251         4.65    3.74    5.56   27.82   25.40   29.81
271         4.65    3.74    5.56   27.82   25.40   29.81
291         4.54    3.63    5.46   27.57   25.08   29.60
311         4.54    3.63    5.46   27.57   25.08   29.60
331         4.57    3.55    5.59   27.63   24.82   29.87
351         4.73    0.97    8.50   28.02   10.37   34.53
371         4.66    3.87    5.46   27.86   25.78   29.61
391         4.59    3.58    5.60   27.69   24.93   29.90
411         4.59    3.58    5.60   27.69   24.93   29.90
431         4.37    4.00    4.75   27.14   26.15   28.05
451         4.37    4.00    4.75   27.14   26.15   28.05
471         4.63    3.19    6.06   27.77   23.65   30.77
491         4.83   -1.02   10.70   28.24    NaN     NaN
511         4.67    3.34    6.00   27.87   24.14   30.66
531         4.79    4.15    5.43   28.16   26.57   29.56
551         4.73    4.26    5.20   28.02   26.87   29.06
571         4.58    4.38    4.78   27.65   27.15   28.13
591         4.55    4.33    4.77   27.58   27.03   28.11
611         4.58    4.39    4.77   27.66   27.19   28.12
631         4.58    4.40    4.76   27.66   27.20   28.09
651         4.59    4.41    4.77   27.68   27.23   28.12
671         4.58    4.39    4.76   27.65   27.19   28.09
691         4.58    4.42    4.74   27.65   27.26   28.03
711         4.53    4.36    4.69   27.53   27.12   27.92
731         4.45    4.32    4.58   27.34   27.01   27.65
751         4.44    4.31    4.57   27.32   26.99   27.63
771         4.44    4.30    4.59   27.32   26.95   27.69
791         4.48    4.32    4.63   27.41   27.02   27.78
811         4.57    4.35    4.78   27.63   27.09   28.14
831         4.53    4.19    4.88   27.55   26.67   28.36
851         4.58    4.17    4.99   27.66   26.62   28.60
871         4.50    4.03    4.98   27.47   26.23   28.58
891         4.47    3.78    5.16   27.39   25.53   28.99
911         4.27    3.71    4.83   26.87   25.31   28.24
931         4.34    3.83    4.85   27.05   25.66   28.29
951         4.30    3.90    4.69   26.95   25.88   27.93
971         4.29    3.88    4.70   26.92   25.81   27.94
991         4.27    3.98    4.55   26.87   26.11   27.58
1010        4.32    4.07    4.57   27.01   26.34   27.65
1030        4.27    3.98    4.56   26.88   26.09   27.61
1050        4.36    3.84    4.87   27.10   25.70   28.35
1070        4.42    3.70    5.14   27.26   25.28   28.94
1090        4.41    3.67    5.14   27.23   25.19   28.94
1110        4.36    3.60    5.12   27.11   24.98   28.90
1130        4.43    3.73    5.13   27.28   25.38   28.91
1150        4.17    3.99    4.36   26.63   26.12   27.12
1170        4.30    3.93    4.67   26.96   25.96   27.87
1190        4.33    3.97    4.68   27.02   26.08   27.89
1210        4.34    4.00    4.68   27.07   26.15   27.91
1230        4.36    4.01    4.70   27.10   26.19   27.95







4. Averaged d18O (per mil) and Mg/Ca (mmol/mol) for Core 62MC

              Calcite d18O                                        Water d18O                            Mg/Ca
   Depth   Cal.Age    d18O   Std.dev. Std.err. Num.Vals        Cal. Age   d18O           Depth  Cal.Age  Mg/Ca Std.dev. Std.err.  Num.Vals
     0.75    24.79    -1.48     0.05     0.03        4           24.79    1.02            0.75   24.79    4.53    0.10    0.07       2
     1.75    74.36    -1.55     0.10     0.05        4           74.36    0.77            1.75   74.36    4.19    0.00    0.00       2
     2.75   123.93    -1.61     0.04     0.02        4          123.93    0.56            2.75  123.93    3.90    0.06    0.04       2
     3.75   173.50    -1.44     0.10     0.07        2          173.50    1.11            3.75  173.50    4.63    0.11    0.08       2
     4.75   223.07    -1.56     0.09     0.04        4          223.07    0.91            4.75  223.07    4.47    0.05    0.03       2
     5.75   272.64    -1.55     0.04     0.02        3          272.64    0.83            5.75  272.64    4.31    0.26    0.18       2
     6.75   322.21    -1.51     0.12     0.06        4          322.21    0.83            6.75  322.21    4.22    0.10    0.07       2
     7.75   371.79    -1.51     0.08     0.05        3          371.79    0.95            7.75  371.79    4.45    0.11    0.08       2
     8.75   421.36    -1.65     0.18     0.09        4          421.36    0.71            8.75  421.36    4.25    0.06    0.05       2
     9.75   470.93    -1.76     0.02     0.01        3          470.93    0.64            9.75  470.93    4.33    0.05    0.03       2
    10.75   520.50    -1.58     0.12     0.06        4          520.50    0.76           10.75  520.50    4.21    0.37    0.26       2
    11.75   543.37    -1.56     0.17     0.08        4          543.37    0.77           11.75  543.37    4.20    0.28    0.20       2
    12.75   566.24    -1.55     0.05     0.03        3          566.24    0.94           12.75  566.24    4.53    0.19    0.13       2
    13.75   589.11    -1.57     0.10     0.05        4          589.11    0.63           13.75  589.11    3.96    0.11    0.08       2
    14.75   611.97    -1.88     0.10     0.05        4          611.97    0.44           14.75  611.97    4.17    0.11    0.08       2
    15.75   634.84    -1.69     0.09     0.05        3          634.84    0.59           15.75  634.84    4.10    0.15    0.11       2
    16.75   657.71    -1.70     0.09     0.05        4          657.71    0.58           16.75  657.71    4.11    0.02    0.02       2
    17.75   680.58    -1.66     0.09     0.05        3          680.58    0.61           17.75  680.58    4.10    0.06    0.04       2
    18.75   703.45    -1.71     0.11     0.05        4          703.45    0.68           18.75  703.45    4.31    0.16    0.11       2
    19.75   726.32    -1.68     0.05     0.02        4          726.32    0.54           19.75  726.32    3.99    0.03    0.02       2
    20.75   749.18    -1.66     0.09     0.04        4          749.18    0.57           20.75  749.18    4.01    0.12    0.08       2
    21.75   772.05    -1.84     0.15     0.07        4          772.05    0.52           21.75  772.05    4.27    0.03    0.02       2
    22.75   794.92    -1.71     0.13     0.07        4          794.92    0.69           22.75  794.92    4.34    0.10    0.07       2
    23.75   817.79    -1.59     0.10     0.05        4          817.79    0.59           23.75  817.79    3.92    0.19    0.13       2
    24.25   829.22    -1.82     0.18     0.09        4          829.22    0.59           24.25  829.22    4.36    0.23    0.17       2
    24.75   840.66    -1.58     0.16     0.08        4          840.66    0.68           24.75  840.66    4.07    0.12    0.09       2
    25.25   852.09    -1.83     0.16     0.11        2          852.09    0.52           25.25  852.09    4.25    0.00    0.00       1
    25.75   863.53    -1.74     0.08     0.04        4          863.53    0.60           25.75  863.53    4.22    0.24    0.17       2
    26.25   874.96    -1.73     0.04     0.02        3          874.96    0.51           26.25  874.96    4.04    0.00    0.00       1
    26.75   886.39    -1.77     0.11     0.06        4          886.39    0.51           26.75  886.39    4.12    0.20    0.14       2
    27.25   897.83    -1.72     0.11     0.05        4          897.83    0.55           27.25  897.83    4.09    0.00    0.00       1
    27.75   909.26    -1.80     0.03     0.02        4          909.26    0.45           27.75  909.26    4.05    0.00    0.00       1
    28.25   920.70    -1.84     0.05     0.02        4          920.70    0.53           28.25  920.70    4.28    0.00    0.00       1
    28.75   932.13    -1.77     0.05     0.03        4          932.13    0.53           28.75  932.13    4.13    0.46    0.33       2
    29.25   943.57    -1.64     0.06     0.03        3          943.57    0.66           29.25  943.57    4.14    0.00    0.00       1
    29.75   955.00    -1.55     0.09     0.05        3          955.00    0.71           29.75  955.00    4.07    0.16    0.11       2



5. 100-year smoothed  d18O (per mil) and Mg/Ca (mmol/mol) for Core 62MC
The final two columns are the 95% confidence limits on the mean value for each 100-year window.

          Calcite d18O                                Water d18O                              Mg/Ca
  Cal.Age  d18Omean 95%upper  95%lower       Cal.Age d18Omean 95%upper 95%lower      Cal.Age   Mg/Ca   95%upper95%lower
    74.79    -1.55    -1.60    -1.49           74.79    0.79    0.66    0.92           74.79    4.21    3.91    4.51
    94.79    -1.58    -1.65    -1.51           94.79    0.66    0.56    0.77           94.79    4.05    3.78    4.31
   114.79    -1.58    -1.65    -1.51          114.79    0.67    0.55    0.78          114.79    4.05    3.78    4.31
   134.79    -1.55    -1.66    -1.44          134.79    0.82    0.60    1.05          134.79    4.27    3.59    4.95
   154.79    -1.55    -1.66    -1.44          154.79    0.81    0.55    1.07          154.79    4.27    3.59    4.95
   174.79    -1.52    -1.63    -1.41          174.79    0.99    0.88    1.09          174.79    4.55    4.37    4.73
   194.79    -1.52    -1.63    -1.41          194.79    1.00    0.88    1.11          194.79    4.55    4.37    4.73
   214.79    -1.52    -1.63    -1.41          214.79    0.99    0.87    1.10          214.79    4.55    4.37    4.73
   234.79    -1.56    -1.62    -1.50          234.79    0.87    0.76    0.97          234.79    4.39    4.10    4.67
   254.79    -1.56    -1.62    -1.50          254.79    0.87    0.77    0.97          254.79    4.39    4.10    4.67
   274.79    -1.53    -1.61    -1.44          274.79    0.83    0.74    0.92          274.79    4.26    3.99    4.53
   294.79    -1.53    -1.61    -1.44          294.79    0.84    0.73    0.94          294.79    4.26    3.99    4.53
   314.79    -1.53    -1.61    -1.44          314.79    0.83    0.70    0.95          314.79    4.26    3.99    4.53
   334.79    -1.51    -1.60    -1.42          334.79    0.90    0.79    1.01          334.79    4.33    4.08    4.58
   354.79    -1.51    -1.60    -1.42          354.79    0.90    0.78    1.02          354.79    4.33    4.08    4.58
   374.79    -1.59    -1.73    -1.44          374.79    0.82    0.70    0.93          374.79    4.35    4.14    4.56
   394.79    -1.59    -1.73    -1.44          394.79    0.82    0.69    0.95          394.79    4.35    4.14    4.56
   414.79    -1.59    -1.73    -1.44          414.79    0.82    0.70    0.94          414.79    4.35    4.14    4.56
   434.79    -1.69    -1.83    -1.56          434.79    0.68    0.57    0.80          434.79    4.29    4.19    4.39
   454.79    -1.69    -1.83    -1.56          454.79    0.68    0.56    0.79          454.79    4.29    4.19    4.39
   474.79    -1.66    -1.77    -1.54          474.79    0.70    0.57    0.84          474.79    4.27    3.91    4.62
   494.79    -1.62    -1.72    -1.53          494.79    0.73    0.60    0.85          494.79    4.25    4.02    4.47
   514.79    -1.62    -1.72    -1.53          514.79    0.72    0.58    0.87          514.79    4.25    4.02    4.47
   534.79    -1.57    -1.64    -1.49          534.79    0.81    0.67    0.95          534.79    4.31    4.02    4.61
   554.79    -1.57    -1.63    -1.51          554.79    0.78    0.66    0.89          554.79    4.22    3.98    4.47
   574.79    -1.65    -1.75    -1.55          574.79    0.69    0.56    0.82          574.79    4.21    4.00    4.43
   594.79    -1.68    -1.77    -1.59          594.79    0.65    0.51    0.80          594.79    4.19    3.98    4.40
   614.79    -1.68    -1.76    -1.61          614.79    0.64    0.54    0.74          614.79    4.17    4.01    4.33
   634.79    -1.70    -1.77    -1.64          634.79    0.56    0.49    0.64          634.79    4.09    4.01    4.16
   654.79    -1.73    -1.79    -1.68          654.79    0.57    0.50    0.64          654.79    4.16    4.07    4.24
   674.79    -1.69    -1.74    -1.64          674.79    0.62    0.55    0.68          674.79    4.15    4.05    4.26
   694.79    -1.69    -1.73    -1.65          694.79    0.60    0.54    0.66          694.79    4.13    4.01    4.24
   714.79    -1.68    -1.72    -1.63          714.79    0.59    0.53    0.66          714.79    4.10    3.97    4.23
   734.79    -1.72    -1.79    -1.66          734.79    0.58    0.49    0.66          734.79    4.15    4.00    4.29
   754.79    -1.72    -1.79    -1.66          754.79    0.58    0.49    0.67          754.79    4.15    4.01    4.30
   774.79    -1.69    -1.76    -1.63          774.79    0.59    0.50    0.68          774.79    4.11    3.97    4.25
   794.79    -1.70    -1.77    -1.63          794.79    0.61    0.53    0.69          794.79    4.16    4.03    4.29
   814.79    -1.72    -1.79    -1.66          814.79    0.61    0.53    0.69          814.79    4.20    4.08    4.32
   834.79    -1.70    -1.76    -1.64          834.79    0.61    0.51    0.72          834.79    4.18    4.04    4.31
   854.79    -1.71    -1.77    -1.66          854.79    0.59    0.50    0.67          854.79    4.13    4.02    4.25
   874.79    -1.76    -1.80    -1.71          874.79    0.56    0.50    0.62          874.79    4.17    4.07    4.27
   894.79    -1.76    -1.79    -1.73          894.79    0.54    0.47    0.61          894.79    4.15    4.03    4.27



6. Averaged d18O (per mil) and Mg/Ca (mmol/mol) for Core 79GGC

Calcite d18O                                                  Water d18O          Mg/Ca
   Depth   Cal.Age     d18O   Std.dev. Std.err.  Num.Vals   Cal.Age   d18O       Depth  Cal.Age  Mg/Ca Std.dev. Std.err.  Num.Vals
     0.50     1.00    -1.58     0.21     0.12        3        1.00    1.22        0.50    1.00    5.20    0.00    0.00       1
     2.00   105.81    -1.60     0.12     0.07        3      105.81    1.10        2.00  105.81    4.95    0.00    0.00       1
     3.25   193.16    -1.37     0.24     0.12        4      193.16    1.31        3.25  193.16    4.91    0.00    0.00       1
     3.75   228.09    -1.49     0.07     0.04        4      228.09    1.11        3.75  228.09    4.75    0.00    0.00       1
     4.25   263.03    -1.37     0.17     0.08        4      263.03    1.32        4.25  263.03    4.95    0.00    0.00       1
     4.75   297.97    -1.30     0.25     0.14        3      297.97    1.05        4.75  297.97    4.24    0.00    0.00       1
     5.25   332.91    -1.53     0.17     0.08        4      332.91    0.93        5.25  332.91    4.44    0.00    0.00       1
     5.75   367.84    -1.45     0.03     0.02        3      367.84    1.28        5.75  367.84    5.03    0.00    0.00       1
     6.25   402.78    -1.50     0.04     0.02        4      402.78    0.99        6.25  402.78    4.53    0.00    0.00       1
     6.75   437.72    -1.63     0.19     0.10        4      437.72    0.71        6.75  437.72    4.22    0.00    0.00       1
     7.25   472.66    -1.69     0.05     0.03        3      472.66    0.73        7.25  472.66    4.37    0.00    0.00       1
     7.75   507.59    -1.74     0.19     0.09        4      507.59    1.10        7.75  507.59    5.29    0.00    0.00       1
     8.25   542.53    -1.72     0.20     0.10        4      542.53    0.69        8.25  542.53    4.35    0.00    0.00       1
     8.75   564.92    -1.48     0.42     0.21        4      564.92    1.01        8.75  564.92    4.92    0.00    0.00       1
     9.25   574.75    -1.67     0.25     0.12        4      574.75    0.87        9.25  574.75    4.61    0.00    0.00       1
     9.75   584.58    -1.49     0.12     0.06        4      584.58    0.99        9.75  584.58    4.48    0.00    0.00       1
    10.25   594.42    -1.67     0.09     0.04        4
    10.75   604.25    -1.66     0.02     0.01        4      604.25    0.81       10.75  604.25    4.50    0.00    0.00       1
    11.25   614.08    -1.58     0.27     0.13        4      614.08    0.86       11.25  614.08    4.59    0.00    0.00       1
    11.75   623.92    -1.61     0.19     0.09        4      623.92    1.07       11.75  623.92    4.85    0.00    0.00       1
    12.25   633.75    -1.82     0.33     0.17        4      633.75    0.66       12.25  633.75    4.08    0.00    0.00       1
    12.75   643.58    -1.66     0.27     0.14        4      643.58    0.64       12.75  643.58    4.46    0.00    0.00       1
    13.25   653.42    -1.72     0.10     0.05        4      653.42    0.94       13.25  653.42    4.75    0.00    0.00       1
    13.75   663.25    -1.46     0.13     0.06        4      663.25    0.93       13.75  663.25    4.85    0.00    0.00       1
    14.25   673.08    -1.74     0.23     0.14        3      673.08    1.10       14.25  673.08    4.65    0.00    0.00       1
    14.75   682.92    -1.76     0.08     0.05        3      682.92    0.92       14.75  682.92    4.85    0.00    0.00       1
    15.25   692.75    -1.76     0.13     0.08        3      692.75    0.63       15.25  692.75    4.31    0.00    0.00       1
    15.75   702.58    -1.41     0.12     0.07        3      702.58    0.68       15.75  702.58    4.41    0.00    0.00       1
    16.25   712.42    -1.56     0.16     0.09        3      712.42    1.09       16.25  712.42    4.55    0.00    0.00       1
    16.75   722.25    -1.62     0.05     0.03        3
    17.25   732.08    -1.53     0.27     0.16        3      732.08    0.86       17.25  732.08    4.36    0.00    0.00       1
    17.75   741.92    -1.52     0.20     0.12        3      741.92    0.81       17.75  741.92    4.40    0.00    0.00       1
    18.25   751.75    -1.42     0.13     0.07        3      751.75    0.88       18.25  751.75    4.34    0.00    0.00       1
    18.75   761.58    -1.84     0.03     0.02        3      761.58    0.93       18.75  761.58    4.44    0.00    0.00       1
    19.25   771.42    -1.48     0.35     0.20        3      771.42    1.00       19.25  771.42    4.37    0.00    0.00       1
    19.75   781.25    -1.71     0.14     0.06        5      781.25    0.80       19.75  781.25    4.83    0.00    0.00       1
    20.25   791.08    -1.64     0.18     0.07        6      791.08    0.88       20.25  791.08    4.26    0.00    0.00       1
    20.75   807.21    -1.68     0.27     0.11        6      807.21    0.79       20.75  807.21    4.54    0.00    0.00       1
    21.25   829.63    -1.62     0.20     0.08        6      829.63    0.90       21.25  829.63    4.63    0.00    0.00       1
    21.75   852.05    -1.66     0.32     0.13        6      852.05    0.99       21.75  852.05    4.89    0.00    0.00       1
    22.25   874.47    -1.68     0.13     0.05        6      874.47    0.62       22.25  874.47    4.05    0.00    0.00       1
    22.75   896.88    -1.68     0.11     0.05        4      896.88    0.96       22.75  896.88    4.79    0.00    0.00       1
    23.25   919.30    -1.63     0.16     0.09        3      919.30    0.62       23.25  919.30    4.15    0.00    0.00       1
    23.75   941.72    -1.83     0.15     0.08        4      941.72    0.59       23.75  941.72    4.08    0.00    0.00       1
    24.25   964.14    -1.66     0.20     0.10        4      964.14    0.76       24.25  964.14    4.32    0.00    0.00       1
    24.75   986.56    -1.55     0.11     0.06        4      986.56    0.72       24.75  986.56    4.64    0.00    0.00       1
    25.25  1008.98    -1.51     0.32     0.16        4     1008.98    0.62       25.25 1008.98    4.11    0.00    0.00       1
    25.75  1031.40    -1.69     0.11     0.05        4     1031.40    0.77       25.75 1031.40    4.18    0.00    0.00       1
    26.25  1053.81    -1.66     0.22     0.11        4     1053.81    0.90       26.25 1053.81    4.36    0.00    0.00       1
    26.75  1076.23    -1.64     0.09     0.05        4     1076.23    0.57       26.75 1076.23    4.06    0.00    0.00       1
    27.25  1098.65    -1.59     0.06     0.03        3     1098.65    1.09       27.25 1098.65    5.07    0.00    0.00       1
    27.75  1121.07    -1.53     0.26     0.13        4     1121.07    0.65       27.75 1121.07    4.12    0.00    0.00       1
    28.25  1143.49    -1.43     0.17     0.08        4     1143.49    0.73       28.25 1143.49    4.18    0.00    0.00       1
    28.75  1165.91    -1.82     0.38     0.19        4     1165.91    0.87       28.75 1165.91    4.34    0.00    0.00       1
    29.25  1188.33    -1.63     0.16     0.08        4     1188.33    0.82       29.25 1188.33    4.06    0.00    0.00       1
    29.75  1210.74    -1.81     0.42     0.21        4     1210.74    0.98       29.75 1210.74    4.80    0.00    0.00       1
    30.25  1233.16    -1.52     0.39     0.17        5     1233.16    0.73       30.25 1233.16    4.25    0.00    0.00       1
    30.75  1255.58    -1.47     0.04     0.02        5     1255.58    0.55       30.75 1255.58    4.27    0.00    0.00       1
    31.25  1278.00    -1.57     0.22     0.10        5     1278.00    0.91       31.25 1278.00    4.40    0.00    0.00       1
    31.75  1284.58    -1.63     0.21     0.09        5     1284.58    0.90       31.75 1284.58    4.27    0.00    0.00       1
    32.25  1291.16    -1.68     0.23     0.13        3     1291.16    0.84       32.25 1291.16    4.35    0.00    0.00       1
    32.75  1297.74    -1.54     0.13     0.07        3
    33.25  1304.32    -1.65     0.18     0.11        3
    33.75  1310.89    -1.55     0.14     0.08        3
    34.25  1317.47    -1.56     0.31     0.18        3
    34.75  1324.05    -1.65     0.06     0.03        3
    35.25  1330.63    -1.62     0.21     0.12        3
    35.75  1337.21    -1.53     0.05     0.03        3
    36.25  1343.79    -1.69     0.41     0.24        3
    36.75  1350.37    -1.44     0.08     0.05        3
    37.25  1356.95    -1.65     0.18     0.10        3
    37.75  1363.53    -1.66     0.08     0.04        3
    38.25  1370.11    -1.64     0.16     0.09        3
    38.75  1376.68    -1.59     0.15     0.09        3
    39.25  1383.26    -1.44     0.20     0.12        3
    39.75  1389.84    -1.91     0.18     0.10        3
    40.25  1396.42    -1.82     0.17     0.09        4
    40.75  1403.00    -1.72     0.04     0.02        4
    41.25  1434.04    -1.57     0.18     0.09        4
    41.75  1465.07    -1.68     0.16     0.08        4
    42.25  1496.11    -1.61     0.16     0.08        4
    42.75  1527.14    -1.80     0.10     0.05        4
    43.25  1558.18    -1.57     0.16     0.08        4
    43.75  1589.21    -1.59     0.27     0.14        4
    44.25  1620.25    -1.71     0.16     0.08        4
    44.75  1651.29    -1.52     0.13     0.06        4
    45.25  1682.32    -1.62     0.30     0.15        4
    45.75  1713.36    -1.69     0.26     0.13        4
    46.25  1744.39    -1.71     0.30     0.15        4
    46.75  1775.43    -1.73     0.24     0.12        4
    47.25  1806.46    -1.71     0.08     0.04        4
    47.75  1837.50    -1.65     0.21     0.10        4
    48.25  1868.54    -1.51     0.28     0.14        4
    48.75  1899.57    -1.50     0.16     0.08        4
    49.25  1930.61    -1.67     0.20     0.10        4
    49.75  1961.64    -1.34     0.15     0.09        3
    50.25  1992.68    -1.57     0.23     0.12        4
    50.75  2023.71    -1.82     0.20     0.10        4
    51.25  2054.75    -1.32     0.04     0.02        3
    51.75  2085.79    -1.53     0.34     0.17        4
    52.25  2116.82    -1.66     0.21     0.11        4
    52.75  2147.86    -1.61     0.06     0.03        4
    53.25  2178.89    -1.70     0.10     0.05        4
    53.75  2209.93    -1.48     0.09     0.04        5
    54.25  2240.96    -1.65     0.15     0.06        6
    54.75  2272.00    -1.56     0.19     0.08        6
    55.25  2280.75    -1.59     0.23     0.10        5
    55.75  2289.49    -1.61     0.18     0.10        3
    56.25  2298.24    -1.43     0.14     0.06        5
    56.75  2306.98    -1.46     0.29     0.13        5
    57.25  2315.73    -1.58     0.18     0.08        5
    57.75  2324.47    -1.44     0.37     0.21        3
    58.25  2333.22    -1.50     0.05     0.03        3
    58.75  2341.97    -1.67     0.19     0.09        5
    59.25  2350.71    -1.58     0.15     0.08        4
    59.75  2359.46    -1.48     0.37     0.18        4
    60.25  2368.20    -1.97     0.07     0.04        3
    60.75  2376.95    -1.82     0.17     0.10        3
    61.25  2385.69    -1.52     0.23     0.13        3
    61.75  2394.44    -1.78     0.13     0.08        3
    62.25  2403.19    -1.78     0.08     0.05        3
    62.75  2411.93    -1.80     0.34     0.20        3
    63.25  2420.68    -1.88     0.07     0.04        3
    63.75  2429.42    -1.73     0.07     0.04        3
    64.25  2438.17    -1.64     0.07     0.04        3
    64.75  2446.92    -1.74     0.17     0.10        3
    65.25  2455.66    -1.66     0.20     0.11        3
    65.75  2464.41    -1.71     0.50     0.29        3
    66.25  2473.15    -1.57     0.24     0.14        3
    66.75  2481.90    -1.55     0.03     0.02        3
    67.25  2490.64    -1.85     0.17     0.10        3
    67.75  2499.39    -1.75     0.05     0.03        3
    68.25  2508.14    -1.69     0.11     0.06        3
    68.75  2516.88    -1.70     0.10     0.06        3
    69.25  2525.63    -1.76     0.38     0.22        3
    69.75  2533.88    -1.80     0.18     0.11        3
    70.25  2541.64    -1.71     0.11     0.06        3
    70.75  2549.41    -1.77     0.29     0.17        3
    71.25  2557.17    -1.66     0.15     0.08        3
    71.75  2564.93    -1.76     0.14     0.08        3
    72.25  2572.69    -1.54     0.08     0.05        3
    72.75  2580.46    -1.68     0.20     0.12        3
    73.25  2588.22    -1.62     0.17     0.10        3
    73.75  2595.98    -1.73     0.31     0.18        3
    74.25  2603.75    -1.51     0.37     0.21        3
    74.75  2611.51    -1.71     0.11     0.06        3
    75.25  2619.27    -1.59     0.32     0.18        3
    75.75  2627.03    -1.62     0.06     0.04        3
    76.25  2634.80    -1.73     0.19     0.11        3
    76.75  2642.56    -1.64     0.31     0.18        3
    77.25  2650.32    -1.75     0.26     0.15        3
    77.75  2658.08    -1.71     0.23     0.13        3
    78.25  2665.85    -1.53     0.28     0.16        3
    78.75  2673.61    -1.81     0.10     0.06        3
    79.25  2681.37    -1.35     0.13     0.07        3
    79.75  2689.14    -1.69     0.14     0.08        3
    80.25  2696.90    -1.63     0.25     0.14        3
    80.75  2704.66    -1.72     0.42     0.24        3
    81.25  2712.42    -1.75     0.05     0.03        3
    81.75  2720.19    -1.66     0.37     0.21        3
    82.25  2727.95    -1.60     0.15     0.09        3
    82.75  2735.71    -1.80     0.26     0.15        3
    83.25  2743.47    -1.68     0.23     0.14        3
    83.75  2751.24    -1.72     0.08     0.04        4
    84.25  2759.00    -1.82     0.32     0.16        4
    84.75  2778.31    -1.74     0.05     0.03        3
    85.25  2797.62    -1.92     0.28     0.14        4
    85.75  2816.93    -1.77     0.15     0.09        3
    86.25  2836.25    -1.87     0.05     0.02        4
    86.75  2855.56    -1.81     0.22     0.11        4
    87.25  2874.87    -1.81     0.14     0.07        4
    87.75  2894.18    -1.89     0.20     0.10        4
    88.25  2913.49    -1.76     0.27     0.14        4
    88.75  2932.80    -1.81     0.18     0.09        4
    89.25  2952.11    -1.57     0.27     0.14        4
    89.75  2971.43    -1.81     0.28     0.16        3
    90.25  2990.74    -1.66     0.24     0.12        4
    90.75  3010.05    -1.87     0.22     0.11        4
    91.25  3029.36    -1.58     0.18     0.08        5
    91.75  3048.67    -1.76     0.11     0.06        4
    92.25  3067.98    -1.83     0.11     0.05        4
    92.75  3087.30    -1.67     0.18     0.09        4
    93.25  3106.61    -1.72     0.11     0.06        4
    93.75  3125.92    -1.64     0.12     0.06        4
    94.25  3145.23    -1.62     0.07     0.04        4
    94.75  3164.54    -1.84     0.10     0.05        4
    95.25  3183.85    -1.61     0.09     0.05        4
    95.75  3203.16    -1.74     0.32     0.16        4
    96.25  3222.48    -1.80     0.19     0.09        4
    96.75  3241.79    -1.67     0.03     0.02        4
    97.25  3261.10    -1.55     0.13     0.07        4
    97.75  3280.41    -1.71     0.19     0.10        4
    98.25  3299.72    -1.75     0.21     0.10        4
    98.75  3319.03    -1.83     0.28     0.14        4
    99.25  3338.34    -1.67     0.11     0.05        4
    99.75  3363.30    -1.67     0.51     0.25        4
   100.25  3393.90    -1.61     0.11     0.05        4
   100.75  3424.50    -1.70     0.29     0.14        4
   101.25  3455.10    -1.68     0.12     0.06        4
   101.75  3485.70    -1.93     0.19     0.10        4
   102.25  3516.30    -1.67     0.25     0.12        4
   102.75  3546.90    -1.70     0.29     0.14        4
   103.25  3577.50    -1.90     0.12     0.06        4
   103.75  3608.10    -1.87     0.03     0.02        4
   104.25  3638.70    -1.63     0.17     0.10        3
   104.75  3669.30    -1.73     0.08     0.04        4
   105.25  3699.90    -1.71     0.16     0.08        4
   105.75  3730.50    -1.68     0.29     0.15        4
   106.25  3761.10    -1.62     0.11     0.05        4
   106.75  3791.70    -1.72     0.14     0.07        4
   107.25  3822.30    -1.68     0.22     0.11        4
   107.75  3852.90    -1.83     0.19     0.09        4
   108.25  3883.50    -1.53     0.13     0.06        4
   108.75  3914.10    -1.71     0.09     0.05        4
   109.25  3944.70    -1.55     0.24     0.12        4
   109.75  3975.30    -1.65     0.26     0.13        4
   110.25  4005.90    -1.53     0.19     0.09        4
   110.75  4036.50    -1.74     0.17     0.09        4
   111.25  4067.10    -1.59     0.18     0.09        4
   111.75  4097.70    -1.50     0.31     0.15        4
   112.25  4128.30    -1.44     0.13     0.06        4
   112.75  4158.90    -1.53     0.13     0.07        4
   113.25  4189.50    -1.63     0.20     0.10        4
   113.75  4220.10    -1.73     0.31     0.15        4
   114.25  4250.70    -1.75     0.28     0.14        4
   114.75  4284.15    -1.43     0.12     0.06        4
   115.25  4320.46    -1.54     0.22     0.11        4
   115.75  4356.77    -1.59     0.09     0.04        4
   116.25  4393.08    -1.56     0.14     0.07        4
   116.75  4429.38    -1.60     0.22     0.11        4
   117.25  4465.69    -1.53     0.17     0.09        4
   117.75  4502.00    -1.43     0.23     0.11        4
   118.25  4538.31    -1.74     0.10     0.05        4
   118.75  4574.62    -1.54     0.19     0.09        4
   119.25  4610.92    -1.77     0.15     0.07        4
   119.75  4647.23    -1.55     0.15     0.07        4
   120.25  4683.54    -1.72     0.12     0.06        4
   120.75  4719.85    -1.62     0.27     0.14        4
   121.25  4756.15    -1.50     0.20     0.10        4
   121.75  4792.46    -1.64     0.18     0.09        4
   122.25  4828.77    -1.50     0.20     0.10        4
   122.75  4865.08    -1.44     0.40     0.20        4
   123.25  4901.38    -1.50     0.24     0.12        4
   123.75  4937.69    -1.84     0.11     0.07        3
   124.25  4974.00    -1.71     0.50     0.29        3
   124.75  5010.31    -1.56     0.16     0.08        4
   125.25  5046.62    -1.51     0.25     0.12        4
   125.75  5082.92    -1.57     0.08     0.04        4
   126.25  5119.23    -1.42     0.20     0.10        4
   126.75  5155.54    -1.66     0.18     0.09        4
   127.50  5210.00    -1.59     0.20     0.10        4



7.  100-year smoothed  d18O (per mil) and Mg/Ca (mmol/mol) for Core 79GGC
The final two columns are the 95% confidence limits on the mean value for each 100-year window.

Calcite d18O                                     Water d18O                                      Mg/Ca
  Cal.Age  d18Omean 95%upper  95%lower       Cal.Age d18Omean 95%upper 95%lower        Cal.Age Mg/Ca   95%upper 95%lower
       51    -1.58    -2.09    -1.07              51    1.23    0.98    1.48              51    5.20    NaN     NaN
       71    -1.60    -1.89    -1.30              71    1.10    0.96    1.23              71    4.95    NaN     NaN
       91    -1.60    -1.89    -1.30              91    1.09    0.96    1.22              91    4.95    NaN     NaN
      111    -1.60    -1.89    -1.30             111    1.10    0.96    1.24             111    4.95    NaN     NaN
      131    -1.60    -1.89    -1.30             131    1.10    0.96    1.23             131    4.95    NaN     NaN
      151    -1.46    -1.67    -1.26             151    1.21    1.05    1.37             151    4.93    4.66    5.19
      171    -1.37    -1.75    -0.98             171    1.32    1.09    1.54             171    4.91    NaN     NaN
      191    -1.43    -1.58    -1.28             191    1.22    1.07    1.37             191    4.83    3.83    5.82
      211    -1.43    -1.58    -1.28             211    1.22    1.07    1.37             211    4.83    3.83    5.82
      231    -1.41    -1.52    -1.30             231    1.25    1.15    1.36             231    4.87    4.60    5.13
      251    -1.40    -1.51    -1.28             251    1.15    0.90    1.39             251    4.65    3.74    5.56
      271    -1.40    -1.51    -1.28             271    1.16    0.91    1.40             271    4.65    3.74    5.56
      291    -1.41    -1.54    -1.28             291    1.10    0.87    1.33             291    4.54    3.63    5.46
      311    -1.41    -1.54    -1.28             311    1.10    0.86    1.33             311    4.54    3.63    5.46
      331    -1.44    -1.56    -1.31             331    1.05    0.79    1.31             331    4.57    3.55    5.59
      351    -1.49    -1.61    -1.37             351    1.09    0.77    1.40             351    4.73    0.97    8.50
      371    -1.50    -1.56    -1.43             371    1.06    0.88    1.24             371    4.66    3.87    5.46
      391    -1.53    -1.63    -1.44             391    0.99    0.74    1.24             391    4.59    3.58    5.60
      411    -1.53    -1.63    -1.44             411    0.97    0.74    1.21             411    4.59    3.58    5.60
      431    -1.60    -1.69    -1.51             431    0.83    0.72    0.93             431    4.37    4.00    4.75
      451    -1.60    -1.69    -1.51             451    0.81    0.69    0.93             451    4.37    4.00    4.75
      471    -1.69    -1.79    -1.58             471    0.85    0.49    1.21             471    4.63    3.19    6.06
      491    -1.72    -1.84    -1.59             491    0.90    0.45    1.35             491    4.83   -1.02   10.67
      511    -1.72    -1.82    -1.61             511    0.82    0.52    1.11             511    4.67    3.34    6.00
      531    -1.65    -1.80    -1.50             531    0.91    0.73    1.09             531    4.79    4.15    5.43
      551    -1.63    -1.73    -1.53             551    0.93    0.78    1.09             551    4.73    4.26    5.20
      571    -1.61    -1.70    -1.52             571    0.88    0.78    0.98             571    4.58    4.38    4.78
      591    -1.63    -1.71    -1.55             591    0.85    0.75    0.95             591    4.55    4.33    4.77
      611    -1.64    -1.71    -1.56             611    0.87    0.76    0.98             611    4.58    4.39    4.77
      631    -1.64    -1.70    -1.57             631    0.89    0.80    0.97             631    4.58    4.40    4.76
      651    -1.67    -1.74    -1.60             651    0.85    0.74    0.95             651    4.59    4.41    4.77
      671    -1.65    -1.72    -1.58             671    0.86    0.77    0.95             671    4.58    4.39    4.76
      691    -1.62    -1.69    -1.55             691    0.90    0.81    0.99             691    4.58    4.42    4.74
      711    -1.57    -1.64    -1.50             711    0.93    0.82    1.03             711    4.53    4.36    4.69
      731    -1.59    -1.67    -1.51             731    0.87    0.77    0.97             731    4.45    4.32    4.58
      751    -1.59    -1.66    -1.52             751    0.87    0.77    0.97             751    4.44    4.31    4.57
      771    -1.62    -1.69    -1.55             771    0.84    0.75    0.93             771    4.44    4.30    4.59
      791    -1.63    -1.70    -1.56             791    0.85    0.74    0.96             791    4.48    4.32    4.63
      811    -1.66    -1.74    -1.58             811    0.85    0.74    0.96             811    4.57    4.35    4.78
      831    -1.67    -1.74    -1.59             831    0.81    0.66    0.97             831    4.53    4.19    4.88
      851    -1.66    -1.75    -1.58             851    0.85    0.69    1.01             851    4.58    4.17    4.99
      871    -1.66    -1.74    -1.58             871    0.83    0.65    1.01             871    4.50    4.03    4.98
      891    -1.67    -1.76    -1.57             891    0.80    0.57    1.03             891    4.47    3.78    5.16
      911    -1.71    -1.78    -1.63             911    0.66    0.46    0.87             911    4.27    3.71    4.83
      931    -1.70    -1.79    -1.61             931    0.69    0.49    0.89             931    4.34    3.83    4.85
      951    -1.67    -1.77    -1.57             951    0.72    0.57    0.87             951    4.30    3.90    4.69
      971    -1.64    -1.76    -1.52             971    0.73    0.53    0.94             971    4.29    3.88    4.70
      991    -1.65    -1.74    -1.55             991    0.72    0.59    0.85             991    4.27    3.98    4.55
     1011    -1.61    -1.70    -1.52            1011    0.79    0.68    0.90            1011    4.32    4.07    4.57
     1031    -1.61    -1.69    -1.52            1031    0.75    0.63    0.88            1031    4.27    3.98    4.56
     1051    -1.62    -1.70    -1.53            1051    0.79    0.60    0.98            1051    4.36    3.84    4.87
     1071    -1.65    -1.72    -1.58            1071    0.80    0.57    1.02            1071    4.42    3.70    5.14
     1091    -1.60    -1.70    -1.51            1091    0.84    0.62    1.05            1091    4.41    3.67    5.14
     1111    -1.54    -1.64    -1.45            1111    0.87    0.62    1.11            1111    4.36    3.60    5.12
     1131    -1.59    -1.74    -1.44            1131    0.91    0.67    1.15            1131    4.43    3.73    5.13
     1151    -1.60    -1.74    -1.46            1151    0.77    0.65    0.90            1151    4.17    3.99    4.36
     1171    -1.64    -1.78    -1.50            1171    0.77    0.61    0.94            1171    4.30    3.93    4.67
     1191    -1.64    -1.79    -1.48            1191    0.78    0.61    0.95            1191    4.33    3.97    4.68
     1211    -1.63    -1.77    -1.50            1211    0.80    0.60    1.00            1211    4.34    4.00    4.68
     1231    -1.59    -1.71    -1.47            1231    0.82    0.64    1.00            1231    4.36    4.01    4.70
     1251    -1.59    -1.69    -1.50
     1271    -1.57    -1.64    -1.50
     1291    -1.58    -1.64    -1.53
     1311    -1.60    -1.65    -1.54
     1331    -1.61    -1.66    -1.55
     1351    -1.63    -1.69    -1.57
     1371    -1.65    -1.71    -1.59
     1391    -1.65    -1.72    -1.58
     1411    -1.67    -1.75    -1.60
     1431    -1.69    -1.78    -1.60
     1451    -1.65    -1.72    -1.57
     1471    -1.62    -1.72    -1.52
     1491    -1.70    -1.80    -1.60
     1511    -1.67    -1.75    -1.58
     1531    -1.66    -1.77    -1.55
     1551    -1.65    -1.78    -1.52
     1571    -1.67    -1.77    -1.56
     1591    -1.62    -1.75    -1.50
     1611    -1.61    -1.73    -1.48
     1631    -1.61    -1.73    -1.48
     1651    -1.62    -1.75    -1.49
     1671    -1.61    -1.76    -1.47
     1691    -1.61    -1.76    -1.47
     1711    -1.68    -1.84    -1.51
     1731    -1.69    -1.82    -1.56
     1751    -1.71    -1.87    -1.56
     1771    -1.72    -1.85    -1.59
     1791    -1.70    -1.81    -1.59
     1811    -1.70    -1.81    -1.59
     1831    -1.62    -1.75    -1.49
     1851    -1.59    -1.70    -1.48
     1871    -1.55    -1.69    -1.42
     1891    -1.56    -1.70    -1.42
     1911    -1.56    -1.70    -1.42
     1931    -1.52    -1.66    -1.38
     1951    -1.54    -1.70    -1.39
     1971    -1.54    -1.70    -1.39
     1991    -1.60    -1.78    -1.42
     2011    -1.54    -1.69    -1.39
     2031    -1.59    -1.77    -1.41
     2051    -1.58    -1.78    -1.37
     2071    -1.60    -1.75    -1.45
     2091    -1.52    -1.69    -1.34
     2111    -1.60    -1.74    -1.46
     2131    -1.62    -1.73    -1.52
     2151    -1.66    -1.74    -1.57
     2171    -1.59    -1.66    -1.51
     2191    -1.61    -1.67    -1.55
     2211    -1.61    -1.69    -1.53
     2231    -1.57    -1.65    -1.50
     2251    -1.55    -1.62    -1.49
     2271    -1.55    -1.62    -1.49
     2291    -1.52    -1.59    -1.45
     2311    -1.54    -1.60    -1.48
     2331    -1.58    -1.66    -1.50
     2351    -1.61    -1.69    -1.53
     2371    -1.68    -1.76    -1.59
     2391    -1.71    -1.78    -1.64
     2411    -1.76    -1.82    -1.69
     2431    -1.71    -1.79    -1.63
     2451    -1.72    -1.79    -1.65
     2471    -1.69    -1.76    -1.62
     2491    -1.71    -1.78    -1.63
     2511    -1.71    -1.78    -1.64
     2531    -1.71    -1.77    -1.66
     2551    -1.70    -1.77    -1.64
     2571    -1.68    -1.75    -1.61
     2591    -1.67    -1.73    -1.60
     2611    -1.66    -1.73    -1.59
     2631    -1.66    -1.74    -1.59
     2651    -1.64    -1.71    -1.56
     2671    -1.66    -1.74    -1.59
     2691    -1.67    -1.74    -1.59
     2711    -1.68    -1.75    -1.60
     2731    -1.68    -1.76    -1.61
     2751    -1.75    -1.83    -1.66
     2771    -1.76    -1.84    -1.68
     2791    -1.79    -1.87    -1.71
     2811    -1.83    -1.91    -1.74
     2831    -1.84    -1.92    -1.75
     2851    -1.83    -1.90    -1.76
     2871    -1.83    -1.91    -1.74
     2891    -1.81    -1.90    -1.73
     2911    -1.77    -1.87    -1.66
     2931    -1.76    -1.88    -1.65
     2951    -1.72    -1.83    -1.60
     2971    -1.74    -1.86    -1.63
     2991    -1.69    -1.80    -1.57
     3011    -1.72    -1.83    -1.62
     3031    -1.73    -1.82    -1.64
     3051    -1.73    -1.82    -1.65
     3071    -1.70    -1.77    -1.63
     3091    -1.72    -1.78    -1.66
     3111    -1.69    -1.76    -1.63
     3131    -1.70    -1.76    -1.63
     3151    -1.68    -1.74    -1.63
     3171    -1.69    -1.77    -1.61
     3191    -1.72    -1.81    -1.64
     3211    -1.73    -1.82    -1.65
     3231    -1.68    -1.76    -1.60
     3251    -1.71    -1.79    -1.62
     3271    -1.72    -1.80    -1.64
     3291    -1.70    -1.77    -1.62
     3311    -1.70    -1.80    -1.61
     3331    -1.73    -1.89    -1.58
     3351    -1.70    -1.85    -1.55
     3371    -1.65    -1.83    -1.48
     3391    -1.66    -1.86    -1.46
     3411    -1.67    -1.81    -1.52
     3431    -1.66    -1.78    -1.55
     3451    -1.77    -1.91    -1.63
     3471    -1.75    -1.87    -1.62
     3491    -1.76    -1.90    -1.62
     3511    -1.77    -1.93    -1.61
     3531    -1.80    -1.92    -1.68
     3551    -1.76    -1.91    -1.61
     3571    -1.82    -1.94    -1.70
     3591    -1.78    -1.89    -1.67
     3611    -1.81    -1.92    -1.71
     3631    -1.75    -1.84    -1.66
     3651    -1.74    -1.82    -1.67
     3671    -1.69    -1.78    -1.61
     3691    -1.71    -1.82    -1.59
     3711    -1.71    -1.82    -1.59
     3731    -1.67    -1.79    -1.55
     3751    -1.67    -1.79    -1.56
     3771    -1.67    -1.79    -1.56
     3791    -1.67    -1.77    -1.58
     3811    -1.71    -1.80    -1.62
     3831    -1.75    -1.86    -1.63
     3851    -1.68    -1.81    -1.55
     3871    -1.69    -1.79    -1.59
     3891    -1.69    -1.80    -1.57
     3911    -1.59    -1.70    -1.49
     3931    -1.61    -1.71    -1.51
     3951    -1.63    -1.76    -1.51
     3971    -1.58    -1.71    -1.44
     3991    -1.62    -1.73    -1.50
     4011    -1.64    -1.77    -1.51
     4031    -1.62    -1.74    -1.50
     4051    -1.59    -1.70    -1.47
     4071    -1.61    -1.75    -1.46
     4091    -1.51    -1.64    -1.38
     4111    -1.51    -1.61    -1.41
     4131    -1.49    -1.61    -1.37
     4151    -1.53    -1.63    -1.43
     4171    -1.58    -1.70    -1.47
     4191    -1.63    -1.77    -1.49
     4211    -1.70    -1.86    -1.55
     4231    -1.70    -1.86    -1.55
     4251    -1.64    -1.81    -1.46
     4271    -1.57    -1.72    -1.42
     4291    -1.57    -1.72    -1.42
     4311    -1.52    -1.62    -1.42
     4331    -1.52    -1.62    -1.42
     4351    -1.56    -1.65    -1.47
     4371    -1.57    -1.67    -1.48
     4391    -1.58    -1.68    -1.49
     4411    -1.58    -1.73    -1.44
     4431    -1.57    -1.67    -1.46
     4451    -1.57    -1.73    -1.41
     4471    -1.52    -1.65    -1.40
     4491    -1.57    -1.70    -1.44
     4511    -1.57    -1.70    -1.44
     4531    -1.57    -1.70    -1.44
     4551    -1.57    -1.70    -1.44
     4571    -1.68    -1.79    -1.57
     4591    -1.65    -1.82    -1.49
     4611    -1.62    -1.73    -1.50
     4631    -1.66    -1.81    -1.51
     4651    -1.68    -1.78    -1.58
     4671    -1.63    -1.75    -1.51
     4691    -1.63    -1.75    -1.51
     4711    -1.61    -1.74    -1.48
     4731    -1.61    -1.74    -1.48
     4751    -1.59    -1.72    -1.45
     4771    -1.57    -1.73    -1.41
     4791    -1.55    -1.67    -1.43
     4811    -1.57    -1.73    -1.41
     4831    -1.52    -1.69    -1.35
     4851    -1.47    -1.71    -1.22
     4871    -1.48    -1.65    -1.31
     4891    -1.57    -1.78    -1.36
     4911    -1.57    -1.78    -1.36
     4931    -1.66    -1.89    -1.44
     4951    -1.66    -1.89    -1.44
     4971    -1.69    -1.89    -1.49
     4991    -1.63    -1.92    -1.33
     5011    -1.58    -1.78    -1.39
     5031    -1.54    -1.70    -1.37
     5051    -1.55    -1.65    -1.44
     5071    -1.50    -1.62    -1.38
     5091    -1.50    -1.62    -1.38
     5111    -1.55    -1.66    -1.44
     5131    -1.55    -1.66    -1.44
     5151    -1.54    -1.72    -1.36




8. Averaged d18O (per mil) and Mg/Ca  (mmol/mol) for Core 118MC

Calcite d18O                                                  Water d18O              Mg/Ca
   Depth   Cal.Age     d18O   Std.dev. Std.err. Num.Vals        Cal.Age   d18O           Depth Cal.Age  Mg/Ca  Std.dev. Std.err.  Num.Vals
      0.5     0.00    -1.87     0.03     0.01        4            0.00    0.86            0.50    0.00    5.01    0.16    0.12       2
      1.5    22.52    -1.96     0.14     0.08        3           22.52    0.69            1.50   22.52    4.84    0.21    0.15       2
      2.5    45.04    -1.89     0.03     0.01        4           45.04    0.78            2.50   45.04    4.88    0.22    0.15       2
      3.5    67.56    -1.94     0.05     0.02        4           67.56    0.73            3.50   67.56    4.89    0.08    0.06       2
      4.5    90.08    -1.96     0.09     0.04        4           90.08    0.73            4.50   90.08    4.95    0.09    0.06       2
      5.5   112.60    -2.09     0.09     0.05        4          112.60    0.57            5.50  112.60    4.86    0.22    0.16       2
      6.5   135.12    -2.00     0.07     0.04        3          135.12    0.68            6.50  135.12    4.93    0.10    0.07       2
      7.5   157.64    -2.08     0.04     0.02        4          157.64    0.46            7.50  157.64    4.63    0.13    0.09       2
      8.5   180.16    -2.03     0.07     0.03        4          180.16    0.54            8.50  180.16    4.67    0.00    0.00       2
      9.5   202.68    -2.16     0.11     0.05        4          202.68    0.45            9.50  202.68    4.77    0.27    0.19       2
     10.5   225.20    -2.21     0.20     0.10        4          225.20    0.43           10.50  225.20    4.83    0.16    0.11       2
     11.5   247.72    -2.06     0.13     0.06        4          247.72    0.51           11.50  247.72    4.69    0.19    0.14       2
     12.5   270.24    -1.95     0.14     0.07        4          270.24    0.73           12.50  270.24    4.92    0.11    0.08       2
     13.5   294.34    -2.06     0.05     0.02        4          294.34    0.52           13.50  294.34    4.70    0.00    0.00       2
     14.5   320.02    -2.08     0.04     0.02        4          320.02    0.57           14.50  320.02    4.85    0.06    0.04       2
     15.5   345.70    -2.10     0.07     0.03        4          345.70    0.56           15.50  345.70    4.88    0.21    0.15       2
     16.5   371.38    -2.15     0.01     0.01        3          371.38    0.34           16.50  371.38    4.52    0.08    0.06       2
     17.5   397.06    -2.05     0.09     0.05        4          397.06    0.51           17.50  397.06    4.67    0.05    0.04       2
     18.5   422.74    -2.08     0.05     0.03        4          422.74    0.43           18.50  422.74    4.55    0.00    0.00       2
     19.5   448.43    -2.08     0.17     0.09        4          448.43    0.46           19.50  448.43    4.63    0.05    0.04       2
     20.5   474.11    -2.00     0.04     0.02        3          474.11    0.55           20.50  474.11    4.65    0.10    0.07       2
     21.5   499.79    -2.15     0.07     0.03        4          499.79    0.36           21.50  499.79    4.55    0.04    0.03       2
     22.5   525.47    -2.00     0.11     0.06        4          525.47    0.62           22.50  525.47    4.79    0.11    0.08       2
     23.5   551.15    -2.03     0.08     0.04        4          551.15    0.48           23.50  551.15    4.56    0.00    0.00       2
     24.5   576.83    -1.85     0.00     0.00        1          576.83    0.68           24.50  576.83    4.59    0.02    0.02       2
     25.5   602.51    -2.11     0.05     0.02        4          602.51    0.48           25.50  602.51    4.73    0.30    0.21       2
     26.5   628.19    -2.21     0.06     0.03        3          628.19    0.31           26.50  628.19    4.59    0.08    0.05       2
     27.5   653.87    -2.10     0.12     0.06        4          653.87    0.43           27.50  653.87    4.60    0.04    0.03       2
     28.5   679.55    -2.13     0.11     0.06        4          679.55    0.42           28.50  679.55    4.65    0.07    0.05       2
     29.5   705.23    -2.08     0.13     0.08        3          705.23    0.44           29.50  705.23    4.58    0.04    0.03       2
     30.5   730.91    -2.06     0.17     0.10        3          730.91    0.50           30.50  730.91    4.65    0.25    0.18       2
     31.5   756.60    -2.17     0.07     0.04        4          756.60    0.37           31.50  756.60    4.62    0.18    0.12       2
     32.5   782.28    -2.22     0.12     0.06        4          782.28    0.38           32.50  782.28    4.74    0.12    0.09       2
     33.5   807.96    -2.12     0.09     0.07        2          807.96    0.38           33.50  807.96    4.55    0.08    0.06       2
     34.5   833.64    -2.19     0.19     0.10        4          833.64    0.36           34.50  833.64    4.65    0.32    0.23       2
     35.5   859.32    -2.03     0.05     0.03        4          859.32    0.58           35.50  859.32    4.76    0.14    0.10       2
     36.5   885.00    -2.07     0.11     0.06        3          885.00    0.44           36.50  885.00    4.56    0.04    0.03       2




9. 100-year smoothed  d18O (per mil) and Mg/Ca (mmol/mol) for Core 118MC
The final two columns are the 95% confidence limits on the mean value for each 100-year window.

Calcite d18O                                         Water d18O                              Mg/Ca
   Cal.Age  d18Omean 95%upper 95%lower         Cal.Age d18Omean 95%upper 95%lower      Cal.Age Mg/Ca   95%upper  95%lower
       50    -1.92    -1.96    -1.88              50    0.75    0.70    0.80              50    4.91    4.82    5.01
       70    -1.97    -2.01    -1.92              70    0.70    0.64    0.75              70    4.88    4.79    4.98
       90    -1.97    -2.02    -1.93              90    0.70    0.64    0.75              90    4.90    4.81    4.99
      110    -2.01    -2.06    -1.97             110    0.64    0.57    0.70             110    4.85    4.74    4.96
      130    -2.04    -2.08    -1.99             130    0.61    0.53    0.68             130    4.84    4.70    4.99
      150    -2.05    -2.09    -2.01             150    0.56    0.49    0.63             150    4.77    4.63    4.91
      170    -2.07    -2.12    -2.02             170    0.53    0.46    0.61             170    4.75    4.61    4.89
      190    -2.12    -2.19    -2.05             190    0.46    0.38    0.55             190    4.72    4.60    4.85
      210    -2.11    -2.19    -2.04             210    0.48    0.38    0.58             210    4.74    4.61    4.87
      230    -2.08    -2.15    -2.01             230    0.53    0.45    0.61             230    4.78    4.66    4.89
      250    -2.09    -2.16    -2.02             250    0.54    0.45    0.62             250    4.78    4.67    4.89
      270    -2.07    -2.15    -1.99             270    0.56    0.47    0.65             270    4.78    4.66    4.91
      290    -2.04    -2.09    -1.98             290    0.59    0.51    0.66             290    4.79    4.68    4.90
      310    -2.05    -2.10    -2.00             310    0.59    0.52    0.65             310    4.84    4.73    4.94
      330    -2.10    -2.13    -2.07             330    0.50    0.45    0.56             330    4.74    4.59    4.88
      350    -2.09    -2.13    -2.06             350    0.50    0.43    0.57             350    4.73    4.58    4.88
      370    -2.09    -2.13    -2.06             370    0.50    0.43    0.57             370    4.73    4.58    4.88
      390    -2.09    -2.13    -2.06             390    0.47    0.40    0.54             390    4.65    4.51    4.80
      410    -2.09    -2.14    -2.03             410    0.43    0.38    0.49             410    4.59    4.53    4.65
      430    -2.06    -2.11    -2.00             430    0.48    0.43    0.54             430    4.62    4.57    4.68
      450    -2.08    -2.14    -2.03             450    0.45    0.39    0.51             450    4.59    4.54    4.65
      470    -2.08    -2.14    -2.03             470    0.45    0.39    0.51             470    4.59    4.54    4.65
      490    -2.06    -2.13    -2.00             490    0.50    0.43    0.57             490    4.66    4.56    4.75
      510    -2.05    -2.10    -2.00             510    0.50    0.44    0.57             510    4.64    4.54    4.74
      530    -2.04    -2.11    -1.97             530    0.50    0.42    0.57             530    4.62    4.53    4.72
      550    -2.00    -2.08    -1.92             550    0.55    0.48    0.63             550    4.65    4.52    4.78
      570    -2.03    -2.09    -1.97             570    0.53    0.46    0.60             570    4.67    4.53    4.80
      590    -2.09    -2.16    -2.01             590    0.45    0.37    0.53             590    4.62    4.50    4.73
      610    -2.11    -2.19    -2.04             610    0.43    0.35    0.52             610    4.63    4.52    4.74
      630    -2.13    -2.18    -2.08             630    0.42    0.34    0.49             630    4.64    4.53    4.75
      650    -2.13    -2.18    -2.08             650    0.41    0.35    0.48             650    4.64    4.53    4.75
      670    -2.13    -2.19    -2.07             670    0.40    0.34    0.47             670    4.61    4.56    4.65
      690    -2.10    -2.17    -2.03             690    0.45    0.38    0.52             690    4.62    4.53    4.71
      710    -2.11    -2.18    -2.05             710    0.43    0.35    0.51             710    4.62    4.52    4.73
      730    -2.11    -2.20    -2.02             730    0.43    0.34    0.53             730    4.61    4.47    4.76
      750    -2.14    -2.22    -2.07             750    0.41    0.33    0.50             750    4.65    4.53    4.76
      770    -2.15    -2.23    -2.08             770    0.40    0.32    0.49             770    4.64    4.51    4.76
      790    -2.18    -2.25    -2.11             790    0.36    0.27    0.46             790    4.64    4.50    4.78
      810    -2.14    -2.23    -2.06             810    0.43    0.32    0.54             810    4.67    4.53    4.82
      830    -2.14    -2.23    -2.06             830    0.42    0.32    0.52             830    4.67    4.53    4.82



10.  Averaged d18O (per mil) and Mg/Ca (mmol/mol) for Core 125MC

           Calcite d18O                                           Water d18O                       Mg/Ca
   Depth    Cal.Age   d18O   Std.dev.  Std.err.  Num.Vals       Cal.Age   d18O           Depth  Cal.Age  Mg/Ca  Std.dev. Std.err.  Num.Vals
      0.5     0.00    -2.00     0.18     0.08        5            0.00    0.69             0.5    0.00    4.95    0.06    0.04       2
      1.5    78.00    -1.90     0.10     0.04        6           78.00    0.74             1.5   78.00    4.83    0.12    0.08       2
      2.5   156.00    -1.90     0.14     0.07        4          156.00    0.72             2.5  156.00    4.79    0.24    0.17       2
      3.5   234.00    -2.07     0.10     0.05        4          234.00    0.59             3.5  234.00    4.85    0.20    0.14       2
      4.5   312.00    -2.13     0.12     0.05        5          312.00    0.45             4.5  312.00    4.71    0.07    0.05       2
      5.5   390.00    -2.07     0.09     0.03        7          390.00    0.35             5.5  390.00    4.39    0.08    0.06       2
      6.5   468.00    -2.11     0.08     0.03        7          468.00    0.58             6.5  468.00    4.94    0.25    0.17       2
      7.5   546.00    -1.99     0.12     0.05        6          546.00    0.49             7.5  546.00    4.50    0.17    0.12       2
      8.5   624.00    -1.94     0.13     0.05        6          624.00    0.65             8.5  624.00    4.73    0.03    0.02       2
      9.5   702.00    -2.08     0.12     0.05        7          702.00    0.44             9.5  702.00    4.56    0.14    0.10       2
     10.5   780.00    -2.11     0.18     0.09        4          780.00    0.34            10.5  780.00    4.45    0.00    0.00       2
     11.5   814.12    -2.07     0.09     0.04        5          814.12    0.54            11.5  814.12    4.76    0.11    0.08       2
     12.5   848.24    -2.08     0.09     0.04        5          848.24    0.49            12.5  848.24    4.68    0.03    0.02       2
     13.5   882.35    -2.05     0.11     0.05        6          882.35    0.57            13.5  882.35    4.79    0.10    0.07       2
     14.5   916.47    -2.11     0.11     0.05        6          916.47    0.51            14.5  916.47    4.80    0.35    0.25       2
     15.5   950.59    -2.12     0.09     0.04        6          950.59    0.50            15.5  950.59    4.80    0.12    0.09       2
     16.5   984.71    -2.05     0.09     0.04        5          984.71    0.57            16.5  984.71    4.79    0.03    0.02       2
     17.5  1018.82    -2.15     0.15     0.08        4         1018.82    0.45            17.5 1018.82    4.76    0.03    0.02       2
     18.5  1052.94    -2.14     0.13     0.06        5         1052.94    0.47            18.5 1052.94    4.76    0.16    0.11       2
     19.5  1087.06    -2.00     0.17     0.07        7         1087.06    0.62            19.5 1087.06    4.80    0.21    0.15       2
     20.5  1121.18    -2.02     0.09     0.04        5         1121.18    0.58            20.5 1121.18    4.73    0.06    0.05       2
     21.5  1155.29    -2.08     0.11     0.06        4         1155.29    0.60            21.5 1155.29    4.90    0.14    0.10       2
     22.5  1189.41    -2.06     0.15     0.09        3         1189.41    0.61            22.5 1189.41    4.90    0.11    0.08       2
     23.5  1223.53    -2.02     0.20     0.09        5         1223.53    0.72            23.5 1223.53    5.04    0.02    0.02       2
     24.5  1257.65    -2.09     0.12     0.05        5         1257.65    0.49            24.5 1257.65    4.70    0.02    0.02       2
     25.5  1291.76    -2.00     0.24     0.11        5         1291.76    0.58            25.5 1291.76    4.70    0.08    0.06       2
     26.5  1325.88    -1.95     0.12     0.05        5         1325.88    0.64            26.5 1325.88    4.74    0.15    0.10       2
     27.5  1360.00    -1.96     0.15     0.08        4         1360.00    0.74            27.5 1360.00    4.95    0.19    0.14       2



11.  200-year smoothed  d18O (per mil) and Mg/Ca (mmol/mol) for Core 125MC
Note that 125MC was smoothed using a 200 year window to compensate for its lower sedimentation rate.
The final two columns are the 95% confidence limits on the mean value for each 100-year window.

Calcite d18O                                Water d18O                              Mg/Ca
  Cal.Age  d18Omean  95%upper  95%lower       Cal.Age d18Omean 95%upper 95%lower      Cal.Age  Mg/Ca  95%upper 95%lower
      100    -1.93    -2.01    -1.85             100    0.73    0.64    0.81             100    4.86    4.71    5.01
      140    -1.95    -2.02    -1.87             140    0.69    0.60    0.79             140    4.83    4.66    4.99
      180    -1.98    -2.10    -1.86             180    0.65    0.52    0.78             180    4.82    4.52    5.12
      220    -2.04    -2.13    -1.95             220    0.57    0.47    0.68             220    4.78    4.62    4.95
      260    -2.10    -2.19    -2.02             260    0.50    0.40    0.61             260    4.78    4.54    5.02
      300    -2.09    -2.14    -2.04             300    0.46    0.36    0.57             300    4.65    4.40    4.90
      340    -2.10    -2.16    -2.03             340    0.40    0.29    0.51             340    4.55    4.24    4.86
      380    -2.10    -2.15    -2.06             380    0.47    0.35    0.58             380    4.68    4.39    4.97
      420    -2.09    -2.14    -2.04             420    0.48    0.31    0.65             420    4.67    4.10    5.23
      460    -2.06    -2.11    -2.01             460    0.47    0.34    0.60             460    4.61    4.30    4.92
      500    -2.05    -2.12    -1.98             500    0.52    0.38    0.67             500    4.72    4.22    5.21
      540    -2.02    -2.08    -1.96             540    0.58    0.45    0.70             540    4.72    4.47    4.97
      580    -1.96    -2.04    -1.89             580    0.57    0.46    0.67             580    4.61    4.34    4.88
      620    -2.01    -2.07    -1.94             620    0.52    0.43    0.62             620    4.59    4.44    4.75
      660    -2.02    -2.10    -1.93             660    0.54    0.44    0.65             660    4.64    4.44    4.85
      700    -2.04    -2.12    -1.96             700    0.50    0.41    0.59             700    4.58    4.43    4.73
      740    -2.08    -2.15    -2.02             740    0.43    0.34    0.52             740    4.59    4.42    4.76
      780    -2.08    -2.13    -2.03             780    0.45    0.39    0.52             780    4.61    4.49    4.74
      820    -2.09    -2.13    -2.04             820    0.50    0.44    0.56             820    4.70    4.56    4.83
      860    -2.09    -2.13    -2.05             860    0.49    0.42    0.55             860    4.71    4.60    4.83
      900    -2.08    -2.12    -2.05             900    0.53    0.48    0.57             900    4.77    4.69    4.85
      940    -2.09    -2.13    -2.06             940    0.52    0.46    0.58             940    4.77    4.69    4.85
      980    -2.10    -2.14    -2.06             980    0.52    0.47    0.57             980    4.78    4.70    4.86
     1020    -2.09    -2.14    -2.03            1020    0.53    0.47    0.60            1020    4.78    4.71    4.85
     1060    -2.07    -2.12    -2.02            1060    0.56    0.51    0.61            1060    4.79    4.72    4.86
     1100    -2.07    -2.12    -2.01            1100    0.56    0.50    0.63            1100    4.81    4.73    4.89
     1140    -2.05    -2.10    -1.99            1140    0.60    0.53    0.67            1140    4.86    4.76    4.95
     1180    -2.04    -2.09    -1.99            1180    0.61    0.54    0.69            1180    4.85    4.75    4.94
     1220    -2.04    -2.10    -1.98            1220    0.61    0.54    0.67            1220    4.83    4.74    4.92





